2.71828
2.93161
2.12942
2.46037
4.18814
2.73368
2.42751
3.44729
3.72543
2.1358
4.12333
3.38199
4.81164
1.62582
1.76862
3.21555
3.0922
5.82752
4.29855
2.74081
5.75724
3.53729
1.95514
2.99195
3.28739
4.70749
6.24365
5.81645
4.88402
4.75991
7.25246
5.92933
7.00306
5.22286
5.16179
7.26191
6.40545
6.25549
6.56094
6.53523
8.14891
7.77616
7.40141
8.75638
7.20606
7.57795
8.21564
9.84032
6.96725
9.90619
9.27125
9.87567
10.3412
9.55315
11.3635
10.8815
13.0648
11.4756
11.337
13.2393
13.5299
14.0441
13.31
13.672
14.8504
14.2599
14.7724
17.4339
17.4632
17.7598
16.8223
19.9468
20.5446
21.3767
20.1435
20.3088
23.2543
23.4349
22.8706
24.094
25.4183
25.5237
27.9738
28.5861
29.5703
29.6744
32.667
34.2698
33.5124
36.1479
39.2485
40.988
41.5716
41.3686
44.285
42.8312
47.7941
48.5931
51.8487
51.0258
