-2.9136 4.28134
-3.0268 4.14512
-2.9036 4.21296
-2.92702  4.21821
-2.93378  4.24833
-2.87074  4.22827
-2.8888 4.26728
-2.9144 4.22976
-2.8867 4.24294
-2.90068  4.27479
 -2.918 4.27858
-3.02821   4.1441
-2.89806   4.2162
-2.92375  4.21975
-2.93674  4.24635
-2.87276  4.22696
-2.88626  4.26865
-2.9157 4.22907
-2.89134  4.23993
-2.90305  4.27318
-2.83849  4.27274
-2.80573  4.30158
-2.93564   4.2426
-2.85658  4.26662
-2.88748  4.27443
-2.93418  4.24565
-2.96733  4.19987
-2.90783  4.26216
-2.89306  4.22867
-2.94212  4.24922
-2.89309  4.24168
-2.83259  4.30776
-2.89575  4.22973
-2.91286  4.23323
-2.9049 4.24667
-2.78735  4.29773
-2.89509  4.28263
-2.95224  4.23056
-2.91083  4.22719
-2.9229 4.22397
-2.88093  4.25697
-2.93043  4.25605
-2.87537  4.25627
-2.85697  4.26449
-2.97976  4.20719
-2.99789   4.1941
-2.92276  4.25222
-2.94475  4.20894
-2.88406  4.29268
-2.83807  4.28787
-2.88105  4.23249
-2.97356  4.18118
-2.91045  4.20939
-2.96756  4.20453
-2.89763  4.23445
-2.94238    4.207
-2.85087  4.27553
-2.9315 4.23741
-2.92554  4.21779
-2.93039  4.22673
-2.86458   4.2521
-2.94248  4.19763
-2.85988  4.28556
-3.01214  4.22985
-2.88708  4.25941
-2.95333  4.22455
-2.96826  4.23172
-2.89937  4.29199
-2.96298  4.18144
-2.88477  4.24578
-2.97766   4.1975
-2.99371  4.16765
-2.83016  4.27857
-2.90712  4.25806
-2.96623  4.20553
-2.87481   4.2785
-2.99387  4.19489
-2.86786  4.24705
-2.96521  4.22236
-2.8903 4.25136
-2.9298  4.2187
-2.8865 4.20193
-2.94109  4.20731
-2.96888   4.2252
-2.83508  4.25974
-2.86295  4.26686
-2.87602  4.24437
-2.85924   4.2543
-2.89738  4.24009
-2.99729  4.22173
-2.80021  4.28761
-2.96952   4.2284
-2.91085  4.22578
-2.80569  4.29901
-2.82335  4.29706
-2.91005  4.21838
-3.04717  4.18719
-2.89531  4.26159
-2.93368  4.41063
-2.89505  4.25666
-2.88824  4.31425
-2.93112  4.25654
-2.99952  4.28084
-2.90308  4.25392
-2.9989 4.17694
-2.86245  4.24517
-2.90296   4.2433
-3.01326  4.18968
-2.96647  4.22056
-2.93784  4.23747
-2.94753  4.20309
