251 475 386 216 362 394 
251 460 387 213 355 393 
250 459 386 216 360 400 
248 470 386 217 356 402 
249 471 387 215 358 400 
249 469 385 214 363 399 
252 465 384 217 356 405 
247 459 387 218 357 404 
249 431 386 214 359 400 
250 458 386 214 357 404 
249 459 385 214 354 394 
248 445 385 211 357 384 
245 416 382 210 356 387 
242 413 379 213 357 394 
242 378 378 212 367 372 
242 425 361 208 368 375 
238 390 381 209 346 387 
234 410 377 210 313 370 
231 401 379 211 351 380 
229 389 376 208 378 377 
226 411 374 207 410 380 
226 395 376 208 351 374 
221 390 372 210 338 374 
216 390 376 211 321 384 
210 386 375 209 314 375 
205 428 376 205 340 368 
205 355 373 207 338 366 
200 362 376 211 311 368 
199 363 381 213 324 368 
197 363 379 209 335 364 
197 361 385 215 337 372 
197 359 443 222 300 364 
197 357 465 223 311 369 
195 362 430 227 350 380 
196 361 390 228 323 365 
196 360 397 236 334 374 
197 358 440 238 298 366 
197 358 405 242 323 405 
195 358 398 248 328 369 
195 355 389 250 288 365 
194 353 398 255 331 385 
191 353 396 257 324 376 
193 351 440 258 306 372 
193 347 405 258 305 343 
194 346 393 264 305 354 
192 338 436 267 292 356 
189 334 438 267 294 351 
189 329 383 266 284 349 
186 325 413 268 282 314 
184 317 370 262 272 357 
181 309 372 263 270 351 
180 301 401 265 281 331 
178 297 403 259 288 349 
173 293 356 257 280 325 
172 287 350 257 269 317 
164 277 348 258 253 307 
168 276 409 257 249 300 
174 265 340 261 237 296 
176 257 385 265 261 288 
181 249 338 264 244 279 
187 247 328 263 223 273 
166 241 315 265 231 266 
169 234 319 263 217 264 
172 229 311 260 222 256 
177 218 299 263 215 240 
176 212 447 270 201 247 
176 210 295 275 205 250 
182 205 301 277 217 246 
186 198 295 282 215 238 
189 195 302 289 207 239 
196 191 371 337 216 239 
202 191 303 283 219 235 
208 186 290 294 218 233 
210 186 369 309 216 234 
219 184 283 318 216 232 
227 182 288 319 224 234 
238 181 274 323 230 228 
243 178 277 318 228 231 
248 178 281 328 276 234 
261 182 285 346 259 235 
263 185 283 344 250 242 
275 186 288 360 254 247 
286 190 292 368 262 256 
296 195 290 368 270 252 
302 198 296 372 304 259 
312 203 297 378 290 265 
316 203 294 393 278 279 
326 202 296 393 311 287 
331 211 301 419 318 324 
338 216 303 431 308 301 
341 231 307 450 328 275 
356 227 308 441 392 320 
365 227 312 458 377 331 
369 231 312 479 364 307 
381 246 315 444 323 309 
387 255 317 534 365 310 
393 256 319 508 346 316 
401 249 322 478 348 302 
407 279 323 450 367 350 
408 275 324 480 352 331 