251 475 386 216 362 394 
251 460 387 213 355 393 
250 459 386 216 360 400 
248 470 386 217 356 402 
249 471 387 215 358 400 
249 469 385 214 363 399 
252 465 384 217 356 405 
247 459 387 218 357 404 
249 431 386 214 359 400 
250 458 386 214 357 404 
249 459 385 214 354 394 
248 445 385 211 357 384 
245 416 382 210 356 387 
242 413 379 213 357 394 
242 378 378 212 367 372 
242 425 361 208 368 375 
238 390 381 209 346 387 
234 410 377 210 313 370 
231 401 379 211 351 380 
229 389 376 208 378 377 
226 411 374 207 410 380 
226 395 376 208 351 374 
221 390 372 210 338 374 
216 390 376 211 321 384 
210 386 375 209 314 375 
205 428 376 205 340 368 
205 355 373 207 338 366 
200 362 376 211 311 368 
199 363 381 213 324 368 
197 363 379 209 335 364 
197 361 385 215 337 372 
197 359 443 222 300 364 
197 357 465 223 311 369 
195 362 430 227 350 380 
196 361 390 228 323 365 
196 360 397 236 334 374 
197 358 440 238 298 366 
197 358 405 242 323 405 
195 358 398 248 328 369 
195 355 389 250 288 365 
194 353 398 255 331 385 
191 353 396 257 324 376 
193 351 440 258 306 372 
193 347 405 258 305 343 
194 346 393 264 305 354 
192 338 436 267 292 356 
189 334 438 267 294 351 
189 329 383 266 284 349 
186 325 413 268 282 314 
184 317 370 262 272 357 
181 309 372 263 270 351 
180 301 401 265 281 331 
178 297 403 259 288 349 
173 293 356 257 280 325 
172 287 350 257 269 317 
164 277 348 258 253 307 
168 276 409 257 249 300 
174 265 340 261 237 296 
176 257 385 265 261 288 
181 249 338 264 244 279 
187 247 328 263 223 273 
166 241 315 265 231 266 
169 234 319 263 217 264 
172 229 311 260 222 256 
177 218 299 263 215 240 
176 212 447 270 201 247 
176 210 295 275 205 250 
182 205 301 277 217 246 
186 198 295 282 215 238 
189 195 302 289 207 239 
196 191 371 337 216 239 
202 191 303 283 219 235 
208 186 290 294 218 233 
210 186 369 309 216 234 
219 184 283 318 216 232 
227 182 288 319 224 234 
238 181 274 323 230 228 
243 178 277 318 228 231 
248 178 281 328 276 234 
261 182 285 346 259 235 
263 185 283 344 250 242 
275 186 288 360 254 247 
286 190 292 368 262 256 
296 195 290 368 270 252 
302 198 296 372 304 259 
312 203 297 378 290 265 
316 203 294 393 278 279 
326 202 296 393 311 287 
331 211 301 419 318 324 
338 216 303 431 308 301 
341 231 307 450 328 275 
356 227 308 441 392 320 
365 227 312 458 377 331 
369 231 312 479 364 307 
381 246 315 444 323 309 
387 255 317 534 365 310 
393 256 319 508 346 316 
401 249 322 478 348 302 
407 279 323 450 367 350 
408 275 324 480 352 331 
415 248 324 485 360 326 
419 279 323 554 346 330 
418 277 326 490 353 315 
417 269 325 446 354 336 
425 271 324 525 349 322 
426 273 322 459 355 319 
460 273 323 459 356 330 
444 272 321 469 356 336 
437 276 316 556 356 337 
451 275 314 467 354 331 
460 277 312 558 357 322 
457 275 311 486 360 325 
446 274 307 528 351 383 
445 278 301 568 340 390 
435 277 295 513 353 338 
455 276 291 546 350 308 
438 274 288 479 338 306 
439 282 285 438 351 355 
463 278 280 485 352 313 
450 275 282 505 350 342 
440 278 280 526 358 316 
441 277 280 508 361 306 
478 282 278 452 355 308 
477 268 277 467 347 302 
476 275 270 449 356 316 
494 276 265 448 346 338 
464 280 265 443 353 335 
485 285 278 439 341 333 
450 285 275 436 353 316 
483 287 272 435 342 307 
442 287 275 435 358 323 
473 287 264 436 344 330 
473 291 254 434 358 313 
475 295 259 430 358 348 
491 303 264 427 361 333 
476 300 261 425 356 357 
487 304 260 421 357 318 
480 310 258 420 343 309 
486 305 259 421 353 299 
528 298 249 412 347 288 
481 297 248 407 341 314 
494 301 247 402 350 361 
477 299 242 398 350 320 
455 299 239 396 350 327 
455 302 236 391 358 296 
457 305 237 387 356 294 
454 301 239 382 346 317 
455 308 220 369 384 281 
451 310 224 370 370 289 
450 304 227 368 370 289 
447 303 224 362 356 289 
447 305 221 357 345 297 
452 312 225 352 325 274 
437 307 214 341 324 275 
432 304 210 345 313 290 
425 307 207 335 309 271 
421 314 206 338 319 259 
416 314 204 328 317 265 
420 310 205 320 337 274 
422 317 206 299 319 241 
401 319 196 305 315 271 
411 322 199 301 320 268 
400 321 206 301 328 259 
402 321 202 302 324 255 
302 310 205 293 307 238 
377 316 204 289 315 266 
368 330 208 285 324 266 
369 322 202 264 313 243 
350 328 194 239 310 239 
355 327 218 237 300 249 
326 343 230 230 288 262 
353 331 203 255 288 266 
347 350 202 244 265 263 
311 345 196 263 275 251 
361 352 216 271 271 301 
351 353 220 263 281 307 
337 354 216 247 291 310 
331 358 230 225 284 304 
327 359 233 205 287 301 
302 365 236 204 310 302 
298 369 245 198 320 298 
287 375 245 201 316 319 
312 380 265 197 324 334 
290 386 274 198 309 337 
302 390 277 197 316 336 
296 390 292 199 321 338 
306 388 246 201 336 337 
294 392 338 196 264 320 
299 402 304 206 330 317 
299 407 308 201 328 326 
297 410 310 208 349 345 
293 419 310 205 353 359 
292 421 320 201 365 352 
295 429 324 208 341 351 
295 430 336 198 338 370 
300 440 344 221 333 377 
297 444 345 223 342 342 
299 435 353 226 350 418 
296 446 358 215 357 405 
302 447 361 223 404 419 
297 453 359 226 361 438 
293 450 372 230 366 417 
293 452 371 226 354 451 
288 454 373 220 393 426 
286 446 384 222 401 417 
278 441 383 221 370 401 
272 440 378 218 376 421 
270 436 361 215 360 400 
270 438 370 214 409 407 
265 454 361 217 346 410 
261 435 383 213 369 420 
260 423 379 209 310 390 
255 449 377 206 338 394 
251 442 344 206 324 373 
249 456 377 208 363 457 
249 454 379 205 368 448 
242 433 378 205 375 384 
246 431 361 205 366 388 
244 427 345 202 363 356 
243 423 353 203 303 358 
243 423 349 202 300 357 
243 430 359 203 320 353 
244 430 351 198 343 370 
