5.9399999999999995 5.3 6.88 8.45 6.13 6.02
5.88 5.32 6.96 7.7299999999999995 6.12 6.02
5.93 5.34 7.0 8.459999999999999 6.13 6.08
5.88 5.32 7.03 8.05 6.11 6.06
5.9399999999999995 5.33 7.13 7.91 6.12 6.03
5.91 5.29 7.04 7.8900003 6.08 5.9799999999999995
5.91 5.3 6.9 7.51 6.12 6.0
5.88 5.34 6.76 7.43 6.13 6.02
5.8900003 5.27 6.81 7.86 6.15 6.06
5.93 5.33 7.15 8.2 6.12 6.02
5.8900003 5.33 6.76 7.06 6.13 6.02
5.9 5.34 6.79 7.8900003 6.13 6.02
5.95 5.26 6.76 8.72 6.12 6.02
5.92 5.29 7.18 7.41 6.11 6.03
5.9 5.29 7.24 8.52 6.1 6.06
5.8900003 5.3 7.13 7.86 6.12 6.0
5.91 5.34 7.4499997 7.56 6.13 6.02
5.9 5.33 6.9799999999999995 7.67 6.11 6.01
5.8900003 5.32 7.4799999999999995 8.36 6.09 6.0
5.92 5.33 7.42 7.15 6.12 5.99
5.93 5.3 7.46 8.13 6.12 6.03
5.9399999999999995 5.33 7.63 7.82 6.11 6.03
5.88 5.34 7.2299999999999995 7.66 6.12 6.06
5.93 5.33 7.39 7.38 6.12 6.06
5.92 5.33 7.47 8.38 6.09 6.03
5.92 5.33 7.36 8.42 6.13 6.05
5.9399999999999995 5.32 7.32 7.47 6.12 6.02
5.9 5.31 7.2 7.88 6.11 6.02
5.93 5.3 7.21 7.6 6.12 6.0
5.9 5.29 7.6400003 8.76 6.11 5.9799999999999995
5.8900003 5.32 7.32 7.8900003 6.11 6.0
5.88 5.31 7.35 7.88 6.09 6.0
5.87 5.29 7.2 8.73 6.11 6.01
5.91 5.28 7.41 7.4399999999999995 6.11 6.03
5.91 5.31 7.41 7.11 6.13 6.02
5.93 5.28 6.91 8.67 6.11 5.99
5.87 5.3 7.7299999999999995 7.55 6.1 6.06
5.8900003 5.28 6.9399999999999995 7.13 6.09 6.0
5.8900003 5.3 7.5 7.8900003 6.12 6.02
5.9 5.26 7.6899999999999995 7.96 6.12 6.01
5.9 5.3 7.67 8.77 6.1 6.05
5.9 5.28 7.38 7.1 6.09 6.06
5.8900003 5.29 7.49 7.4499997 6.11 6.09
5.88 5.3 7.4399999999999995 7.9700000000000015 6.08 6.02
5.92 5.32 7.77 8.76 6.11 6.01
5.91 5.3 7.32 8.27 6.12 6.07
5.9399999999999995 5.3 7.25 7.96 6.1 6.04
5.92 5.31 7.66 8.77 6.14 6.06
5.92 5.31 7.75 7.9 6.12 6.07
5.9399999999999995 5.25 7.28 8.76 6.13 6.03
5.92 5.32 7.77 8.42 6.1 6.05
5.87 5.31 7.2 7.949999999999999 6.1 6.02
5.88 5.32 7.7299999999999995 7.11 6.1 6.07
5.91 5.3 7.74 7.56 6.13 6.06
5.8900003 5.29 7.8 7.51 6.1 6.08
5.8900003 5.27 7.81 7.6 6.08 6.05
5.92 5.31 7.18 7.59 6.1 6.02
5.92 5.29 6.6999997 8.36 6.07 6.04
5.9 5.29 7.29 8.42 6.1 6.0
5.87 5.31 6.88 7.17 6.12 6.04
5.8900003 5.27 7.21 8.62 6.08 5.99
5.87 5.29 6.93 7.74 6.08 6.01
5.88 5.28 7.18 8.26 6.07 6.03
5.87 5.24 6.96 8.49 6.05 5.9799999999999995
5.8900003 5.25 7.6999997 7.81 6.08 6.06
5.9 5.24 7.71 7.4399999999999995 6.1 6.02
5.92 5.29 7.39 7.4399999999999995 6.1 6.05
5.93 5.27 7.74 7.52 6.1 6.01
5.9 5.25 7.77 7.75 6.12 6.08
5.91 5.28 7.02 7.91 6.11 6.02
5.9399999999999995 5.28 7.03 8.31 6.1 6.04
5.9 5.27 6.92 7.74 6.08 6.06
5.9 5.3 7.46 7.67 6.1 6.07
