2.6700000000000004 6.4399999999999995 7.51 3.7500000000000004 4.85 6.42
2.6700000000000004 6.35 7.36 3.7600000000000002 4.92 6.43
2.6900000000000004 6.39 7.37 3.7800001000000005 4.71 6.43
2.6500000000000004 6.36 7.46 3.7500000000000004 4.76 6.41
2.6500000000000004 6.42 7.4799999999999995 3.7800001000000005 4.82 6.41
2.6300000000000003 6.37 7.43 3.7800001000000005 4.6400003 6.4
2.6600000000000006 6.41 7.5 3.7500000000000004 4.76 6.4
2.6600000000000006 6.41 7.43 3.7700000000000005 4.77 6.4
2.68 6.39 7.43 3.7700000000000005 4.71 6.43
2.6600000000000006 6.42 7.51 3.7800001000000005 4.76 6.42
2.6700000000000004 6.39 7.46 3.74 4.66 6.43
2.6600000000000006 6.42 7.4499997 3.74 4.66 6.4499997
2.6500000000000004 6.39 7.4799999999999995 3.7500000000000004 4.83 6.43
2.68 6.39 7.47 3.7500000000000004 4.68 6.42
2.7 6.4 7.51 3.7800001000000005 4.6999997 6.43
2.6400000000000006 6.4 7.51 3.7900000000000005 4.78 6.4
2.68 6.42 7.37 3.8000000000000003 4.84 6.43
2.6600000000000006 6.42 7.46 3.7300000000000004 4.85 6.43
2.6700000000000004 6.41 7.39 3.8000000000000003 4.6999997 6.42
2.6500000000000004 6.43 7.47 3.7700000000000005 4.86 6.42
2.68 6.43 7.39 3.7900000000000005 4.74 6.43
2.6500000000000004 6.4399999999999995 7.49 3.7500000000000004 4.72 6.43
2.6200000000000006 6.4 7.4 3.7700000000000005 4.76 6.42
2.6300000000000003 6.38 7.4799999999999995 3.7800001000000005 4.72 6.4
2.6500000000000004 6.4 7.46 3.74 4.8 6.41
2.6500000000000004 6.43 7.43 3.7600000000000002 4.61 6.43
2.68 6.4499997 7.4799999999999995 3.7500000000000004 4.83 6.42
2.68 6.41 7.4399999999999995 3.7500000000000004 4.87 6.43
2.6700000000000004 6.39 7.43 3.7700000000000005 4.75 6.41
2.6300000000000003 6.43 7.4 3.7800001000000005 4.81 6.4
2.6400000000000006 6.41 7.41 3.7300000000000004 4.81 6.4499997
2.6500000000000004 6.43 7.49 3.7500000000000004 4.86 6.4
2.68 6.39 7.47 3.7700000000000005 4.67 6.42
2.6200000000000006 6.42 7.46 3.7600000000000002 4.71 6.39
2.6500000000000004 6.39 7.41 3.7600000000000002 4.91 6.4499997
2.6400000000000006 6.36 7.46 3.7500000000000004 4.9 6.42
2.68 6.41 7.47 3.7700000000000005 4.8 6.43
2.6500000000000004 6.36 7.47 3.7500000000000004 4.79 6.39
2.6700000000000004 6.42 7.54 3.7600000000000002 4.75 6.42
2.6900000000000004 6.35 7.55 3.74 4.6 6.43
2.6700000000000004 6.37 7.46 3.7700000000000005 4.65 6.39
2.6300000000000003 6.35 7.42 3.7500000000000004 4.84 6.41
2.6600000000000006 6.37 7.4 3.7800001000000005 4.71 6.42
2.6500000000000004 6.34 7.49 3.7500000000000004 4.81 6.41
2.6400000000000006 6.38 7.4399999999999995 3.7300000000000004 4.78 6.41
2.6400000000000006 6.37 7.4499997 3.7900000000000005 4.75 6.4
2.6400000000000006 6.41 7.46 3.7300000000000004 4.74 6.42
2.6700000000000004 6.41 7.47 3.7500000000000004 4.83 6.39
2.6600000000000006 6.42 7.4 3.7500000000000004 4.83 6.39
2.6700000000000004 6.4 7.42 3.7600000000000002 4.81 6.43
2.6400000000000006 6.41 7.4399999999999995 3.7800001000000005 4.68 6.4
2.6600000000000006 6.37 7.4 3.7700000000000005 4.78 6.42
2.6400000000000006 6.4399999999999995 7.4499997 3.72 4.81 6.43
2.68 6.42 7.4799999999999995 3.7500000000000004 5.0 6.4399999999999995
2.6700000000000004 6.41 7.4799999999999995 3.7300000000000004 4.78 6.39
2.6700000000000004 6.4 7.4499997 3.74 4.88 6.41
2.6300000000000003 6.37 7.51 3.7500000000000004 4.87 6.43
2.6600000000000006 6.41 7.58 3.74 4.79 6.4
2.7 6.36 7.4 3.7700000000000005 4.78 6.41
2.6700000000000004 6.38 7.47 3.7700000000000005 4.68 6.41
2.68 6.37 7.4399999999999995 3.8200000000000003 4.77 6.43
2.6300000000000003 6.34 7.41 3.74 4.8900003 6.41
2.6600000000000006 6.4399999999999995 7.43 3.7800001000000005 4.66 6.41
2.6700000000000004 6.39 7.4799999999999995 3.7800001000000005 4.74 6.4499997
2.6500000000000004 6.46 7.37 3.8000000000000003 4.8900003 6.39
2.6700000000000004 6.41 7.51 3.7500000000000004 4.7299999999999995 6.41
2.68 6.35 7.4799999999999995 3.7600000000000002 4.85 6.41
2.6400000000000006 6.41 7.42 3.7800001000000005 4.6899999999999995 6.41
2.6100000000000003 6.4 7.43 3.7700000000000005 4.8900003 6.4499997
2.6400000000000006 6.4 7.4499997 3.7500000000000004 4.77 6.42
2.6400000000000006 6.4499997 7.35 3.7900000000000005 4.84 6.42
2.68 6.36 7.37 3.7600000000000002 4.67 6.41
2.6500000000000004 6.37 7.4399999999999995 3.7900000000000005 4.75 6.41
2.6600000000000006 6.43 7.4499997 3.74 4.9399999999999995 6.39
2.6600000000000006 6.39 7.4399999999999995 3.7600000000000002 4.63 6.41
2.6400000000000006 6.37 7.49 3.74 4.6999997 6.43
2.6400000000000006 6.36 7.4799999999999995 3.7500000000000004 4.67 6.41
2.6200000000000006 6.39 7.4499997 3.7600000000000002 4.6899999999999995 6.41
2.6700000000000004 6.36 7.49 3.7600000000000002 4.6899999999999995 6.41
2.6400000000000006 6.4 7.51 3.7900000000000005 4.9 6.4
2.6300000000000003 6.4499997 7.4 3.7600000000000002 4.66 6.42
2.6100000000000003 6.4 7.47 3.7300000000000004 4.9399999999999995 6.42
2.6600000000000006 6.38 7.4499997 3.7700000000000005 4.7299999999999995 6.4
2.6400000000000006 6.39 7.53 3.7600000000000002 4.58 6.4
2.6200000000000006 6.37 7.59 3.7600000000000002 4.57 6.38
2.6400000000000006 6.32 7.4799999999999995 3.74 4.6999997 6.42
2.6300000000000003 6.35 7.53 3.74 4.99 6.39
2.6400000000000006 6.46 7.42 3.7600000000000002 4.84 6.41
2.6600000000000006 6.42 7.93 3.7600000000000002 4.84 6.41
2.68 6.43 7.42 3.7300000000000004 4.83 6.43
2.6700000000000004 6.42 7.6 3.7500000000000004 4.78 6.42
2.6700000000000004 6.42 7.4799999999999995 3.7700000000000005 4.83 6.43
2.6600000000000006 6.39 7.65 3.7700000000000005 4.92 6.4399999999999995
2.6500000000000004 6.42 7.46 3.7600000000000002 4.79 6.41
2.6400000000000006 6.35 7.4399999999999995 3.74 4.9 6.4
2.6700000000000004 6.39 7.43 3.7700000000000005 4.66 6.41
2.6300000000000003 6.34 7.51 3.7500000000000004 4.71 6.43
2.68 6.35 7.52 3.7700000000000005 4.85 6.38
2.68 6.3 7.6 3.7800001000000005 4.6899999999999995 6.4
2.6500000000000004 6.34 7.55 3.7300000000000004 4.79 6.4
2.6300000000000003 6.27 7.57 3.7900000000000005 4.62 6.4
2.6400000000000006 6.25 7.51 3.7500000000000004 4.63 6.43
2.68 6.26 7.55 3.7600000000000002 4.75 6.41
2.6700000000000004 6.3 7.49 3.7900000000000005 4.7299999999999995 6.37
2.6700000000000004 6.31 7.51 3.7800001000000005 4.7299999999999995 6.42
2.6400000000000006 6.28 7.52 3.7900000000000005 4.74 6.43
2.6500000000000004 6.2299999999999995 7.55 3.7600000000000002 4.72 6.43
2.68 6.27 7.55 3.7700000000000005 4.71 6.4
2.6600000000000006 6.26 7.52 3.8000000000000003 4.78 6.41
2.6400000000000006 6.28 7.63 3.8000000000000003 4.74 6.39
2.6600000000000006 6.29 7.52 3.74 4.6999997 6.4
