2.01 7.09 7.49 2.5200000000000005 4.12 5.9799999999999995
2.0300000000000002 7.14 7.4 2.5000000000000004 4.14 5.96
2.0400000000000005 7.1 7.41 2.5599999 4.15 5.95
2.0600000000000005 7.08 7.42 2.49 4.11 6.0
2.0400000000000005 7.06 7.43 2.5400000000000005 4.17 5.9399999999999995
2.0900000000000003 7.13 7.39 2.4800000000000004 4.2 5.97
2.0400000000000005 7.15 7.4 2.4800000000000004 4.1899999999999995 5.9399999999999995
2.0600000000000005 7.04 7.46 2.4800000000000004 4.25 5.96
2.1000000000000005 7.16 7.42 2.47 4.17 5.9399999999999995
2.0600000000000005 7.16 7.38 2.49 4.18 5.99
2.0300000000000002 7.17 7.38 2.5200000000000005 4.18 5.96
2.0500000000000003 7.2 7.37 2.5000000000000004 4.14 5.96
2.0500000000000003 7.15 7.39 2.5200000000000005 4.21 5.93
2.0400000000000005 7.16 7.38 2.5200000000000005 4.17 5.9799999999999995
2.0400000000000005 7.21 7.38 2.4600000000000004 4.18 5.97
2.0400000000000005 7.17 7.37 2.4800000000000004 4.13 5.97
2.0400000000000005 7.17 7.38 2.49 4.12 5.95
2.0500000000000003 7.2 7.37 2.5200000000000005 4.14 5.9799999999999995
2.0400000000000005 7.18 7.36 2.5000000000000004 4.14 5.95
2.0300000000000002 7.16 7.34 2.5500000000000003 4.16 5.9399999999999995
2.0500000000000003 7.18 7.37 2.5200000000000005 4.13 5.97
2.01 7.18 7.4 2.5200000000000005 4.17 5.96
2.0400000000000005 7.1899999999999995 7.39 2.5000000000000004 4.11 5.96
2.0400000000000005 7.16 7.4 2.5100000000000002 4.16 5.95
2.0400000000000005 7.2299999999999995 7.38 2.5200000000000005 4.17 5.96
2.0400000000000005 7.16 7.38 2.5100000000000002 4.17 5.97
2.01 7.17 7.37 2.4800000000000004 4.16 5.95
2.0400000000000005 7.1899999999999995 7.4 2.5300001000000005 4.2 5.97
2.0500000000000003 7.16 7.39 2.4800000000000004 4.14 5.92
2.0300000000000002 7.13 7.37 2.5200000000000005 4.12 5.9799999999999995
2.0600000000000005 7.2299999999999995 7.37 2.5000000000000004 4.16 5.99
2.0500000000000003 7.2 7.4 2.5000000000000004 4.16 5.99
2.0300000000000002 7.1899999999999995 7.4 2.4800000000000004 4.26 5.9799999999999995
2.0200000000000005 7.2 7.37 2.4800000000000004 4.28 6.0
2.0800000000000005 7.21 7.38 2.47 4.1 5.95
2.0400000000000005 7.2 7.37 2.5300001000000005 4.16 5.99
2.0400000000000005 7.16 7.39 2.5100000000000002 4.12 5.99
2.0400000000000005 7.16 7.38 2.4800000000000004 4.11 5.99
2.0500000000000003 7.22 7.38 2.5400000000000005 4.1899999999999995 5.97
1.9899999999999995 7.22 7.4 2.49 4.21 5.99
2.01 7.22 7.41 2.5200000000000005 4.28 5.9799999999999995
2.0400000000000005 7.16 7.39 2.5300001000000005 4.26 5.97
2.01 7.2299999999999995 7.37 2.5000000000000004 4.1899999999999995 5.96
2.0200000000000005 7.17 7.34 2.47 4.1 5.95
2.0700000000000003 7.18 7.35 2.5100000000000002 4.2299999999999995 5.9399999999999995
2.0300000000000002 7.18 7.37 2.5200000000000005 4.17 5.95
2.0300000000000002 7.17 7.39 2.4800000000000004 4.22 5.95
2.0800000000000005 7.2299999999999995 7.42 2.49 4.18 5.96
2.0400000000000005 7.21 7.38 2.49 4.15 5.97
2.0400000000000005 7.2299999999999995 7.38 2.5400000000000005 4.1899999999999995 5.9399999999999995
2.0400000000000005 7.21 7.36 2.49 4.2 5.9799999999999995
2.0200000000000005 7.16 7.38 2.5300001000000005 4.17 5.95
2.0300000000000002 7.1899999999999995 7.39 2.5100000000000002 4.1899999999999995 5.96
2.0300000000000002 7.21 7.38 2.49 4.18 5.99
2.0600000000000005 7.18 7.36 2.5200000000000005 4.15 5.9799999999999995
2.0300000000000002 7.14 7.38 2.4800000000000004 4.2 5.9799999999999995
2.0200000000000005 7.15 7.36 2.5200000000000005 4.14 5.97
1.9999999999999998 7.18 7.39 2.5000000000000004 4.11 5.9399999999999995
2.0400000000000005 7.21 7.41 2.5300001000000005 4.14 5.97
2.0300000000000002 7.17 7.37 2.4800000000000004 4.14 5.9799999999999995
2.0600000000000005 7.15 7.38 2.5400000000000005 4.17 5.97
2.0500000000000003 7.16 7.38 2.5200000000000005 4.13 5.97
2.0700000000000003 7.1899999999999995 7.38 2.5000000000000004 4.16 5.97
2.0200000000000005 7.18 7.4 2.5100000000000002 4.2299999999999995 6.0
2.0600000000000005 7.17 7.37 2.49 4.13 5.95
2.0400000000000005 7.1899999999999995 7.37 2.49 4.2 5.96
2.0400000000000005 7.2 7.36 2.47 4.17 5.97
2.0700000000000003 7.17 7.37 2.4800000000000004 4.13 5.97
2.0400000000000005 7.18 7.36 2.5300001000000005 4.21 5.95
2.0400000000000005 7.2 7.37 2.4800000000000004 4.1899999999999995 5.9799999999999995
2.0400000000000005 7.18 7.39 2.5300001000000005 4.16 5.93
2.0400000000000005 7.17 7.34 2.5100000000000002 4.1899999999999995 5.9399999999999995
2.0200000000000005 7.18 7.37 2.49 4.25 5.96
2.0500000000000003 7.15 7.4 2.5000000000000004 4.18 5.9799999999999995
2.0300000000000002 7.15 7.4 2.5300001000000005 4.17 5.9799999999999995
2.0300000000000002 7.12 7.35 2.5000000000000004 4.21 5.99
2.0200000000000005 7.18 7.38 2.49 4.3 5.99
2.0300000000000002 7.1899999999999995 7.35 2.5400000000000005 4.17 5.97
2.0500000000000003 7.16 7.37 2.49 4.2299999999999995 5.97
2.0400000000000005 7.15 7.39 2.5200000000000005 4.21 5.96
2.0300000000000002 7.2 7.4 2.5200000000000005 4.27 5.9799999999999995
2.0900000000000003 7.16 7.37 2.5000000000000004 4.3 5.97
2.0600000000000005 7.2 7.36 2.5200000000000005 4.25 5.9799999999999995
2.0700000000000003 7.12 7.37 2.5000000000000004 4.12 5.9799999999999995
2.0800000000000005 7.15 7.38 2.5400000000000005 4.2 5.99
2.0200000000000005 7.17 7.37 2.5300001000000005 4.17 5.96
2.0600000000000005 7.14 7.37 2.49 4.15 5.97
2.0400000000000005 7.21 7.37 2.5200000000000005 4.2 5.9799999999999995
2.0600000000000005 7.13 7.38 2.5000000000000004 4.16 5.9799999999999995
2.0400000000000005 7.16 7.38 2.4800000000000004 4.1899999999999995 5.96
2.0800000000000005 7.1899999999999995 7.4 2.5100000000000002 4.1899999999999995 5.9399999999999995
2.0300000000000002 7.18 7.35 2.5000000000000004 4.16 5.9399999999999995
2.0500000000000003 7.1899999999999995 7.39 2.5300001000000005 4.2 5.96
2.0200000000000005 7.15 7.37 2.49 4.22 5.95
2.0400000000000005 7.15 7.36 2.49 4.1899999999999995 5.99
2.0700000000000003 7.18 7.39 2.4800000000000004 4.2 5.97
