2.5200000000000005 6.31 8.03 3.5200000000000005 4.84 6.34
2.5500000000000003 6.27 8.32 3.5300001000000005 4.85 6.36
2.5100000000000002 6.1899999999999995 7.35 3.49 4.6999997 6.26
2.3700000000000006 6.33 7.72 3.4000000000000004 4.54 6.2
2.3300000000000005 6.14 7.91 3.3099999 4.39 6.28
2.2700000000000005 6.03 6.6899999999999995 3.2800001000000005 4.74 6.27
2.18 6.42 6.66 3.0100000000000002 4.15 6.1899999999999995
1.9899999999999995 6.34 6.9 2.8800000000000003 4.29 6.04
1.9799999999999998 6.18 7.51 2.7500000000000004 4.42 6.12
2.0500000000000003 6.46 6.68 2.6700000000000004 4.56 6.03
1.9999999999999998 7.08 7.17 2.4100000000000006 3.99 5.84
2.0500000000000003 6.61 6.63 2.3800000000000003 4.07 5.97
2.2 6.38 7.14 2.2700000000000005 3.8900000000000006 5.97
2.2100000000000004 7.26 7.2299999999999995 2.1700000000000004 4.35 5.82
2.2800001000000005 7.33 6.38 2.1200000000000006 3.9000000000000004 5.76
2.5800000000000005 7.36 6.9399999999999995 2.1300000000000003 3.94 6.08
2.7100000000000004 7.02 6.27 2.0800000000000005 4.11 6.16
2.8000000000000003 7.56 6.22 2.3000000000000003 3.9200000000000004 6.1
2.9200000000000004 6.52 6.14 2.3700000000000006 4.2299999999999995 6.02
3.0700000000000003 6.67 6.2 2.4100000000000006 4.4499997 6.5
3.3700000000000006 7.4799999999999995 6.14 2.5000000000000004 4.43 6.32
3.49 6.78 6.16 2.6300000000000003 4.66 6.34
3.6700000000000004 7.67 6.31 2.6700000000000004 4.63 6.33
3.7700000000000005 7.87 6.28 2.7600000000000002 4.78 6.4
3.8099999 7.67 6.17 2.6700000000000004 4.6999997 6.41
3.5300001000000005 7.41 6.02 2.4200000000000004 4.42 6.22
3.49 6.83 5.87 2.3099999 4.1899999999999995 5.97
3.4000000000000004 6.79 5.68 2.2300000000000004 3.9000000000000004 5.74
3.4200000000000004 6.15 5.38 2.0200000000000005 3.7600000000000002 5.54
3.3800000000000003 7.38 5.25 1.7399999 3.6200000000000006 5.32
3.1900000000000004 5.83 4.9399999999999995 1.68 3.45 4.96
3.3200000000000003 6.0 4.86 1.8099999999999998 3.3000000000000003 4.75
3.3900000000000006 6.07 4.55 1.5900001 3.0700000000000003 4.35
3.1500000000000004 6.3 4.55 1.5800001 2.97 4.62
3.0400000000000005 5.12 4.22 1.6199999999999999 2.9600000000000004 4.27
3.0700000000000003 5.61 3.94 1.6000001 2.8800000000000003 4.16
3.1300000000000003 5.77 3.7300000000000004 1.8099999999999998 2.6700000000000004 3.7900000000000005
3.1100000000000003 5.66 3.6200000000000006 1.53 2.5700000000000003 3.6900000000000004
3.3000000000000003 5.42 3.3700000000000006 2.0300000000000002 2.6200000000000006 3.6200000000000006
3.3500000000000005 4.58 3.1400000000000006 2.1200000000000006 2.47 3.3900000000000006
3.6000000000000005 3.7600000000000002 2.8300000000000005 2.3200000000000003 2.5000000000000004 3.0300000000000002
3.8800000000000003 4.04 2.7600000000000002 2.5300001000000005 2.6500000000000004 3.1200000000000006
3.9200000000000004 5.4399999999999995 2.6900000000000004 2.6700000000000004 2.5200000000000005 2.8500000000000005
5.67 3.5599999 2.3400000000000003 2.7600000000000002 2.6200000000000006 2.7100000000000004
5.74 5.82 2.2 3.0700000000000003 3.1300000000000003 2.5700000000000003
4.3 3.4000000000000004 1.9299999999999997 3.1500000000000004 3.1600000000000006 2.5300001000000005
4.47 3.2100000000000004 1.79 3.3800000000000003 3.18 2.3600000000000003
4.54 3.1700000000000004 1.65 3.7500000000000004 3.6200000000000006 2.2300000000000004
4.95 4.42 1.66 4.04 3.5200000000000005 2.4400000000000004
5.33 3.0100000000000002 1.66 4.2 3.8000000000000003 2.1900000000000004
6.67 3.1100000000000003 1.64 4.4799999999999995 3.6000000000000005 2.1700000000000004
5.63 2.93 1.64 4.74 4.71 2.1900000000000004
7.2299999999999995 3.0700000000000003 1.69 4.95 3.99 2.4200000000000004
6.08 3.1700000000000004 1.8400001 5.39 4.3 2.47
7.11 3.2700000000000005 2.0400000000000005 5.67 4.53 2.7300000000000004
7.3 3.3500000000000005 2.3400000000000003 5.71 4.86 2.93
8.03 3.8300000000000005 2.43 6.1 5.01 3.0400000000000005
7.59 3.3800000000000003 2.6200000000000006 6.3 5.4499997 3.0500000000000003
8.13 3.2900000000000005 2.6500000000000004 6.26 5.01 2.95
7.6899999999999995 3.4000000000000004 2.5500000000000003 6.29 5.08 3.0200000000000005
7.9700000000000015 3.3099999 2.3000000000000003 6.37 5.13 2.95
7.84 3.1500000000000004 2.3700000000000006 6.47 5.46 2.8600000000000003
8.13 2.9400000000000004 2.2700000000000005 6.28 5.99 2.7500000000000004
7.71 2.7800001000000005 2.22 6.26 5.27 2.6500000000000004
7.9399999999999995 2.6900000000000004 2.18 6.37 4.79 2.5000000000000004
6.39 2.49 2.2100000000000004 6.71 4.96 2.3500000000000005
6.76 2.3099999 2.1900000000000004 7.31 4.86 2.3200000000000003
6.97 2.3000000000000003 1.9999999999999998 7.8900003 5.25 2.2100000000000004
7.02 2.1500000000000004 2.1300000000000003 7.26 5.2299999999999995 2.2700000000000005
6.65 2.0500000000000003 2.22 7.990000000000001 4.71 2.2500000000000004
6.42 1.9499999999999997 2.4000000000000004 8.28 4.77 2.3400000000000003
6.24 1.77 2.5100000000000002 7.949999999999999 4.93 2.3800000000000003
5.9 2.0600000000000005 2.72 8.06 5.39 2.5000000000000004
6.31 2.1400000000000006 2.8000000000000003 8.05 5.09 2.6200000000000006
6.43 2.2 3.0700000000000003 7.54 5.21 2.8200000000000003
6.32 2.3099999 3.1900000000000004 6.96 5.27 2.97
6.36 2.47 3.18 6.93 5.27 3.1500000000000004
6.1899999999999995 2.6400000000000006 3.4000000000000004 7.0 5.72 3.3200000000000003
6.25 2.8000000000000003 4.01 7.32 5.99 3.5000000000000004
6.33 2.8000000000000003 3.8300000000000005 7.4 5.67 3.5500000000000003
6.11 2.7800001000000005 3.95 7.2299999999999995 5.46 3.5000000000000004
5.96 2.8099999 3.9200000000000004 7.22 5.9399999999999995 3.5000000000000004
5.84 2.6900000000000004 3.7300000000000004 6.92 5.38 3.3600000000000003
5.59 2.5800000000000005 3.6500000000000004 6.83 5.01 3.2500000000000004
5.33 2.7600000000000002 3.6200000000000006 6.71 5.32 3.0200000000000005
5.11 2.2900000000000005 3.5100000000000002 6.24 4.53 2.8300000000000005
4.83 2.0400000000000005 3.3200000000000003 6.29 4.4399999999999995 2.97
4.55 1.9499999999999997 3.3000000000000003 5.9399999999999995 4.24 2.8500000000000005
4.41 1.9299999999999997 4.16 5.85 3.7300000000000004 2.8099999
4.13 1.9499999999999997 3.2500000000000004 5.6899999999999995 4.33 2.8900000000000006
3.8200000000000003 2.1000000000000005 3.7600000000000002 5.51 3.8200000000000003 2.6400000000000006
3.5800000000000005 2.1000000000000005 4.05 5.26 3.6300000000000003 2.7100000000000004
3.4200000000000004 2.22 4.28 5.1899999999999995 3.7100000000000004 2.6400000000000006
3.0600000000000005 2.4100000000000006 4.4399999999999995 4.9799999999999995 3.3000000000000003 2.7600000000000002
2.9400000000000004 2.5200000000000005 4.52 4.8900003 2.6600000000000006 2.99
2.6500000000000004 2.7100000000000004 4.59 4.41 2.8000000000000003 3.1200000000000006
2.49 2.9600000000000004 4.6899999999999995 3.95 2.7300000000000004 3.3099999
2.0800000000000005 3.18 4.81 4.4399999999999995 2.49 3.5800000000000005
1.92 3.4000000000000004 4.65 3.43 2.5400000000000005 3.6700000000000004
1.8099999999999998 3.7 5.07 4.31 2.72 3.9799999999999995
1.64 3.95 5.02 4.25 2.8700000000000006 4.13
1.6099999999999999 4.09 5.25 3.99 3.0000000000000004 4.32
1.65 4.41 5.57 3.5100000000000002 3.1300000000000003 4.5
1.79 4.67 5.81 3.2 3.3400000000000003 4.83
1.8099999999999998 4.91 7.09 3.2300000000000004 3.3800000000000003 5.09
2.0400000000000005 5.17 6.46 3.2800001000000005 3.6400000000000006 5.33
2.1400000000000006 5.46 6.83 3.47 4.01 5.68
2.18 5.6899999999999995 6.76 3.5900000000000003 4.15 5.84
2.4600000000000004 5.97 9.66 3.6200000000000006 4.49 6.15
2.5100000000000002 6.18 7.949999999999999 3.6900000000000004 4.49 6.32
2.6900000000000004 6.42 8.24 3.7700000000000005 4.38 6.46
2.6600000000000006 6.34 8.209999999999999 3.6700000000000004 4.92 6.41
2.5000000000000004 6.16 8.14 3.6500000000000004 4.5 6.33
2.6100000000000003 6.51 8.08 3.6600000000000006 5.11 6.35
