2.7500000000000004 6.61 7.33 3.8000000000000003 5.01 6.47
2.7 6.56 7.34 3.8099999 5.01 6.4799999999999995
2.7100000000000004 6.54 7.66 3.7600000000000002 5.03 6.4799999999999995
2.6000000000000005 6.56 7.53 3.7 4.81 6.5
2.5100000000000002 6.6400003 8.34 3.6100000000000003 4.85 6.5
2.5400000000000005 6.36 7.92 3.5400000000000005 4.6 6.42
2.4100000000000006 6.42 6.9 3.4000000000000004 4.86 6.4499997
2.4000000000000004 6.42 6.79 3.2800001000000005 4.4399999999999995 6.4399999999999995
2.2700000000000005 6.4 6.9399999999999995 3.18 4.43 6.3
2.2100000000000004 6.11 7.9700000000000015 3.1400000000000006 4.4499997 6.34
2.1100000000000003 -0.08 7.76 2.8700000000000006 4.61 6.27
2.0600000000000005 6.6899999999999995 7.61 2.7600000000000002 4.77 6.15
2.0700000000000003 6.65 7.58 2.6200000000000006 4.25 6.06
1.9999999999999998 6.6 7.57 2.6300000000000003 4.08 5.96
2.1100000000000003 7.08 7.36 2.4200000000000004 4.22 6.14
2.2100000000000004 7.37 6.22 2.4200000000000004 4.33 5.9799999999999995
2.2800001000000005 7.75 7.16 2.2900000000000005 4.01 6.03
2.3300000000000005 7.51 7.32 2.2500000000000004 4.29 5.85
2.3700000000000006 7.37 6.17 2.18 3.9200000000000004 5.76
2.5300001000000005 7.4399999999999995 7.05 2.1900000000000004 3.8300000000000005 6.21
2.6600000000000006 6.93 6.2 2.2800001000000005 4.05 6.34
2.8200000000000003 6.91 6.11 2.2600000000000002 4.15 6.06
2.9600000000000004 7.04 6.14 2.2900000000000005 4.25 6.4399999999999995
3.1200000000000006 7.39 5.99 2.3700000000000006 4.24 6.35
3.3400000000000003 7.62 6.1 2.3900000000000006 5.02 6.22
3.5000000000000004 6.95 6.17 2.5500000000000003 4.6899999999999995 6.29
3.6600000000000006 8.34 6.21 2.5700000000000003 4.67 6.31
3.8000000000000003 7.78 6.29 2.7 4.6899999999999995 6.4499997
3.96 7.35 6.41 2.8700000000000006 4.77 6.49
3.93 7.53 6.46 2.8000000000000003 4.68 6.42
3.9200000000000004 7.02 6.34 2.7800001000000005 4.66 6.32
3.8700000000000006 6.8900003 6.22 2.7300000000000004 4.68 6.3
3.8400000000000003 7.35 6.05 2.6500000000000004 4.29 6.1899999999999995
3.6200000000000006 6.6400003 5.9 2.47 4.25 5.99
3.5100000000000002 6.35 5.81 2.3099999 4.13 5.81
3.5100000000000002 6.71 5.4399999999999995 2.0800000000000005 3.9699999999999998 5.52
3.3700000000000006 6.09 5.29 1.8300001 3.8000000000000003 5.25
3.1700000000000004 5.82 4.96 1.73 3.5200000000000005 5.03
3.2300000000000004 5.79 4.79 1.69 3.3600000000000003 4.86
3.18 5.4799999999999995 4.66 1.64 3.1700000000000004 4.7299999999999995
3.3099999 5.27 4.47 1.64 3.0100000000000002 4.43
3.1500000000000004 5.95 4.21 1.6099999999999999 3.0000000000000004 4.31
3.18 4.87 4.01 1.63 2.8200000000000003 4.26
3.24 4.76 3.74 1.7999999999999998 2.8300000000000005 4.11
3.1600000000000006 5.82 3.6200000000000006 1.7499999 2.6100000000000003 3.72
3.9200000000000004 4.38 3.4600000000000004 1.8599999999999999 2.49 3.5800000000000005
4.47 4.35 3.1500000000000004 2.0700000000000003 2.5200000000000005 3.24
3.4200000000000004 5.09 2.9800000000000004 2.1500000000000004 2.4200000000000004 3.1700000000000004
4.68 3.9100000000000006 2.72 2.3600000000000003 2.5000000000000004 3.0500000000000003
5.4499997 4.39 2.6400000000000006 2.4400000000000004 2.43 3.0300000000000002
5.78 5.16 2.5000000000000004 2.68 2.6700000000000004 2.8000000000000003
4.85 5.1899999999999995 2.3800000000000003 2.8500000000000005 2.7600000000000002 2.68
5.93 3.2900000000000005 2.1900000000000004 3.1300000000000003 3.1400000000000006 2.6200000000000006
4.65 3.3700000000000006 1.9899999999999995 3.3500000000000005 3.8900000000000006 2.3900000000000006
4.61 3.4200000000000004 1.67 3.6000000000000005 3.68 2.3400000000000003
4.6400003 3.1400000000000006 1.7 3.9100000000000006 3.96 2.3900000000000006
7.1 3.1100000000000003 1.52 4.1 3.68 2.3400000000000003
6.4499997 3.0400000000000005 1.5699999999999998 4.32 3.4100000000000006 2.2600000000000002
6.99 3.1500000000000004 1.64 4.63 3.9200000000000004 2.3000000000000003
7.4799999999999995 2.9100000000000006 1.65 4.87 3.8000000000000003 2.2600000000000002
7.56 3.1300000000000003 1.7 5.17 4.16 2.45
6.75 3.2100000000000004 1.9799999999999998 5.46 4.51 2.6300000000000003
7.35 3.3400000000000003 2.1000000000000005 5.54 4.57 2.7600000000000002
7.83 3.3600000000000003 2.3400000000000003 5.97 4.91 2.93
8.29 3.95 2.6300000000000003 6.25 5.43 3.18
7.38 3.5500000000000003 2.7800001000000005 6.39 5.83 3.1900000000000004
8.12 3.5200000000000005 2.8500000000000005 6.42 6.27 3.1900000000000004
8.12 3.5300001000000005 2.7300000000000004 6.38 6.3 3.1400000000000006
8.18 3.5200000000000005 3.0400000000000005 6.5 6.29 3.2800001000000005
7.9 3.47 2.5800000000000005 6.38 5.5 3.0900000000000003
8.25 3.2300000000000004 2.5100000000000002 6.43 5.17 2.9800000000000004
7.77 3.1400000000000006 2.3900000000000006 6.46 5.27 2.9400000000000004
8.01 2.97 2.2900000000000005 6.36 5.47 2.7500000000000004
7.29 2.7 2.2500000000000004 6.2 4.87 2.5900000000000003
7.57 2.5599999 2.0600000000000005 6.31 5.15 2.5400000000000005
7.4799999999999995 2.45 2.3700000000000006 7.36 4.8900003 2.4100000000000006
7.07 2.43 2.4200000000000004 7.76 5.2 2.4200000000000004
8.1 2.3000000000000003 2.1900000000000004 8.0 5.1899999999999995 2.3800000000000003
6.65 2.24 2.3500000000000005 7.9399999999999995 4.6999997 2.4100000000000006
6.65 2.1200000000000006 2.4800000000000004 7.4 4.79 2.49
5.99 1.9999999999999998 2.5900000000000003 7.15 5.6400003 2.4800000000000004
6.39 2.18 2.8099999 8.16 5.29 2.6100000000000003
6.17 2.2500000000000004 2.8800000000000003 7.52 5.22 2.7500000000000004
6.17 2.3000000000000003 3.0400000000000005 7.41 5.55 2.8600000000000003
6.13 2.3000000000000003 3.2700000000000005 8.01 5.2299999999999995 3.0200000000000005
6.32 2.4600000000000004 3.4400000000000004 7.55 5.65 3.1600000000000006
6.33 2.5500000000000003 3.47 7.02 5.38 3.2800001000000005
6.2 2.6300000000000003 3.68 7.43 6.2 3.3800000000000003
6.35 2.8200000000000003 3.7500000000000004 7.52 5.62 3.5700000000000003
6.39 2.9400000000000004 4.09 7.39 5.63 3.6600000000000006
6.4399999999999995 2.9000000000000004 4.07 7.39 5.65 3.6500000000000004
6.3 2.9600000000000004 4.08 7.26 5.35 3.72
6.17 2.8300000000000005 3.95 7.35 5.4499997 3.7600000000000002
6.05 2.5500000000000003 3.7800001000000005 7.09 5.18 3.5700000000000003
5.8 2.74 3.8000000000000003 7.09 5.01 3.5700000000000003
5.6999997 2.4100000000000006 3.7300000000000004 6.8900003 5.43 3.7800001000000005
5.42 2.0300000000000002 3.4400000000000004 6.6999997 4.58 3.2300000000000004
5.1899999999999995 2.1500000000000004 3.4400000000000004 6.41 4.4799999999999995 3.7600000000000002
5.01 2.0800000000000005 3.45 6.41 4.55 3.6000000000000005
4.76 2.0600000000000005 3.43 6.28 4.14 3.5500000000000003
4.61 1.9599999999999997 3.3300000000000005 5.9 4.2299999999999995 2.95
4.33 1.91 3.5599999 5.77 3.93 2.8500000000000005
4.12 1.8500001 3.5200000000000005 5.12 4.09 2.7
3.9699999999999998 1.9499999999999997 3.94 5.47 3.9699999999999998 2.6900000000000004
3.7100000000000004 2.0800000000000005 4.26 5.28 3.8300000000000005 2.6500000000000004
3.5000000000000004 2.1200000000000006 4.42 5.3 3.1900000000000004 2.5599999
3.2800001000000005 2.4000000000000004 3.9799999999999995 5.08 3.1700000000000004 2.8000000000000003
3.1700000000000004 2.43 4.31 5.07 3.1100000000000003 2.8700000000000006
2.7100000000000004 2.5000000000000004 4.5 4.8900003 2.5700000000000003 3.0100000000000002
2.5100000000000002 2.6600000000000006 4.47 4.85 2.8400000000000003 3.1600000000000006
2.45 2.97 4.75 4.74 2.7500000000000004 3.3000000000000003
2.2100000000000004 3.0700000000000003 4.82 4.61 2.3300000000000005 3.4100000000000006
2.01 3.18 4.6999997 3.8000000000000003 2.4000000000000004 3.5300001000000005
1.9599999999999997 3.45 4.75 3.3900000000000006 2.6000000000000005 3.7100000000000004
1.8300001 3.5700000000000003 4.8 3.3500000000000005 2.6700000000000004 3.9100000000000006
1.73 3.8099999 4.9799999999999995 3.9799999999999995 2.8400000000000003 3.99
1.8500001 4.03 5.35 3.6700000000000004 2.8500000000000005 4.21
1.66 4.29 5.61 3.1600000000000006 3.0600000000000005 4.42
1.69 4.36 5.81 3.1000000000000005 3.1200000000000006 4.52
1.63 4.66 5.78 3.24 3.24 4.78
1.7999999999999998 4.82 6.0 3.2300000000000004 3.5400000000000005 5.04
1.89 5.13 6.91 3.3099999 3.7 5.1899999999999995
2.2700000000000005 5.36 6.42 3.4000000000000004 3.8700000000000006 5.49
2.1700000000000004 5.59 6.59 3.4100000000000006 4.12 5.63
2.2100000000000004 5.83 6.91 3.5599999 4.24 5.92
2.3900000000000006 6.01 8.91 3.68 5.11 6.05
2.5900000000000003 6.26 9.74 3.74 4.58 6.34
2.68 6.34 7.88 3.7800001000000005 4.72 6.46
2.7600000000000002 6.59 8.32 3.8600000000000003 5.11 6.53
