7.06 10.39 13.6 8.14 8.97 10.61
6.9799999999999995 10.52 12.69 8.16 9.12 10.59
6.8900003 10.49 11.95 8.15 9.29 10.57
6.95 10.5 12.65 8.01 9.95 10.58
6.85 10.44 11.5 7.88 9.65 10.58
6.83 10.27 0.009999999999999995 7.87 9.4 10.459999999999999
6.61 10.19 11.31 7.52 9.14 10.31
6.49 9.91 13.25 7.38 9.19 10.209999999999999
6.28 9.9 11.86 7.2299999999999995 9.11 10.06
6.06 9.9 11.73 7.18 8.61 9.959999999999999
5.92 9.82 12.18 7.0 8.42 9.78
5.87 9.75 12.41 6.93 8.7 9.84
5.9399999999999995 9.79 12.92 6.72 7.949999999999999 9.75
5.78 9.63 12.82 6.63 7.9 9.74
5.74 9.54 11.57 6.4399999999999995 7.9700000000000015 10.01
5.71 9.89 11.53 6.25 7.96 9.83
5.4499997 9.47 10.959999999999999 6.05 7.33 9.73
5.6899999999999995 9.959999999999999 10.67 5.9799999999999995 7.76 9.32
5.25 9.83 11.24 6.03 7.77 9.35
5.0 9.56 10.56 5.82 7.88 9.25
5.16 9.52 11.06 5.74 7.86 9.22
5.12 9.6 10.69 5.61 7.47 9.17
5.02 9.53 11.01 5.54 7.37 9.209999999999999
5.06 9.52 10.209999999999999 5.57 7.29 9.06
4.99 9.57 10.22 5.51 7.26 9.1
5.09 9.63 10.13 5.58 7.39 9.01
5.17 9.67 10.39 5.46 7.4799999999999995 9.34
5.05 9.6 9.78 5.36 7.24 9.19
5.05 10.14 9.41 5.34 7.21 9.07
5.22 10.14 9.85 5.36 7.18 8.92
5.24 10.04 9.43 5.3 7.25 9.02
5.22 10.5 9.34 5.24 7.02 9.36
5.37 10.49 9.39 5.15 6.97 9.27
5.5 10.42 9.33 5.16 7.18 9.18
5.61 10.07 9.39 5.17 7.21 9.06
5.67 9.98 9.35 5.22 7.17 9.2
5.81 10.69 9.33 5.32 7.25 9.16
5.9 10.709999999999999 9.39 5.4799999999999995 7.42 9.12
5.96 10.83 9.33 5.37 7.75 9.45
6.01 10.459999999999999 9.3 5.49 7.9 9.41
6.13 9.82 9.41 5.58 7.72 9.54
6.17 9.87 9.42 5.67 7.75 9.41
6.2299999999999995 11.16 9.41 5.68 7.6 9.45
6.46 10.97 9.31 5.78 8.09 9.58
6.75 11.59 9.42 5.9399999999999995 8.07 9.58
6.88 11.08 9.47 5.95 8.04 9.77
6.9799999999999995 -0.08 9.57 6.0 8.06 9.79
7.14 -0.08 9.68 6.08 8.27 9.91
7.3 -0.08 9.709999999999999 6.26 8.49 9.93
7.39 12.2 9.85 6.3 8.4 10.01
7.53 11.54 9.94 6.54 8.52 9.97
7.6899999999999995 12.61 10.04 6.72 8.59 10.209999999999999
7.83 -0.08 10.17 6.87 8.7 10.12
7.949999999999999 -0.08 10.15 6.93 8.79 10.25
7.87 -0.08 10.12 6.82 8.55 10.04
7.87 12.08 10.09 6.8 8.57 10.13
7.8900003 11.9 10.07 6.77 8.55 10.19
7.65 11.72 9.92 6.52 8.49 9.78
7.57 11.37 9.7 6.37 8.34 9.51
7.42 11.18 9.53 6.3 8.14 9.86
7.27 11.08 9.34 6.16 7.96 9.56
7.11 10.75 9.14 5.8900003 7.68 9.25
7.04 10.79 8.95 5.72 7.59 9.13
6.91 10.77 9.07 5.66 7.4 8.78
6.85 10.51 8.36 5.46 7.21 8.65
6.6999997 10.13 8.38 5.36 7.09 8.43
6.58 10.0 8.27 5.35 6.91 8.37
6.53 10.1 8.15 4.9799999999999995 6.65 8.14
6.39 10.15 7.85 4.8900003 6.65 7.93
6.22 9.35 7.46 4.7299999999999995 6.39 7.6400003
6.15 9.77 7.37 4.6400003 6.39 7.6400003
6.08 9.05 7.21 4.63 6.12 7.65
6.0 8.89 7.02 4.55 6.39 7.26
6.0 8.709999999999999 6.84 4.46 5.96 7.13
5.9 8.42 6.55 4.41 5.87 7.02
5.9399999999999995 8.49 6.6899999999999995 4.47 5.82 6.87
5.91 8.1 6.4799999999999995 4.31 5.76 6.77
5.8 7.33 6.27 4.26 5.61 6.67
5.7299999999999995 7.61 6.25 4.26 5.4799999999999995 6.32
5.83 8.03 6.24 4.26 5.42 6.13
5.72 8.01 5.81 4.16 5.2299999999999995 6.4499997
5.6400003 8.06 5.81 4.1899999999999995 5.77 5.9799999999999995
5.87 8.19 5.82 4.31 5.17 6.4499997
5.74 8.17 5.51 4.33 5.15 6.4799999999999995
5.87 10.22 5.4 4.3 5.24 9.04
6.54 8.2 4.9799999999999995 4.4 7.9 5.7299999999999995
8.1 6.68 4.84 4.75 7.51 5.4399999999999995
8.06 6.1899999999999995 4.85 6.33 5.15 5.34
7.39 6.77 4.8 4.7299999999999995 5.1 5.17
6.4 6.85 4.37 4.88 5.26 5.02
7.54 7.01 4.24 4.96 5.6 4.95
7.6 5.75 4.31 5.1 5.47 4.92
7.68 6.15 4.35 5.25 5.37 5.0
6.9799999999999995 6.11 4.3 5.35 5.36 4.96
7.72 5.91 4.09 5.33 5.62 4.8
7.82 5.51 4.28 5.4399999999999995 5.9399999999999995 4.93
8.29 5.67 4.34 5.74 6.06 4.9399999999999995
7.5 5.56 4.29 5.88 6.33 4.92
8.94 5.59 4.28 6.04 6.35 4.8
8.47 5.56 4.22 6.18 6.14 4.8900003
7.58 5.59 4.24 6.32 6.7299999999999995 4.8900003
8.4 5.6 4.25 6.47 6.6 4.86
9.16 5.57 4.36 6.55 6.4399999999999995 4.99
9.459999999999999 5.77 4.41 6.83 6.57 5.09
9.41 5.86 4.4499997 7.08 6.76 5.2
9.74 5.9399999999999995 4.53 7.35 7.31 5.28
9.66 6.08 4.81 7.4499997 7.12 5.5
8.82 6.16 4.88 7.61 7.17 5.56
9.87 6.3 4.96 7.8 7.4399999999999995 5.67
10.5 6.4499997 5.21 8.3 8.07 5.84
10.17 6.41 5.3 8.52 8.52 5.9799999999999995
10.709999999999999 6.61 5.47 8.85 8.69 6.2
10.59 6.6999997 5.82 9.11 8.5 6.31
10.87 6.87 5.96 9.38 8.87 6.54
11.209999999999999 7.01 6.41 9.8 8.72 6.74
11.459999999999999 7.1899999999999995 6.51 9.99 8.83 6.84
11.41 7.22 6.5 10.13 8.77 7.0
11.23 7.17 6.32 9.83 9.15 6.86
11.26 7.08 6.28 9.66 8.97 6.6999997
11.05 6.8900003 6.22 9.68 9.19 6.62
11.0 6.71 6.51 9.53 9.08 6.54
11.56 6.66 6.15 9.52 9.41 6.4399999999999995
10.62 6.59 5.8 9.39 9.14 6.29
10.94 6.34 5.54 9.33 8.72 6.09
10.91 6.25 5.6400003 9.45 8.91 6.06
10.55 6.12 5.53 9.31 8.68 5.92
10.5 5.9799999999999995 5.32 9.27 8.32 5.84
10.04 6.01 5.4 9.27 8.85 5.76
10.39 5.8900003 5.35 9.23 8.65 5.83
10.32 5.74 5.3 9.26 8.19 5.6
10.24 5.56 5.22 9.26 7.980000000000001 5.57
10.17 5.29 5.24 9.18 8.04 5.5
10.02 5.4399999999999995 5.1 9.13 7.93 5.34
10.19 5.38 5.07 9.07 7.949999999999999 5.36
10.18 5.3 4.9 9.28 7.91 5.24
10.16 5.15 4.9799999999999995 10.04 8.02 5.3
10.02 5.08 5.25 10.02 8.9 5.21
9.93 4.97 5.16 10.05 8.55 5.26
9.35 5.0 5.36 10.13 7.9700000000000015 5.27
9.4 4.9 5.29 10.03 8.34 5.31
9.04 4.81 5.4799999999999995 10.03 8.26 5.25
9.0 5.01 5.6899999999999995 -0.08 7.9399999999999995 5.37
9.06 5.18 5.6999997 -0.08 8.09 5.4399999999999995
9.4 5.21 5.66 10.73 8.05 5.58
9.01 5.24 5.82 11.12 8.55 5.63
9.25 5.5 6.01 11.34 8.54 5.91
9.51 5.32 6.25 11.63 8.73 5.88
9.44 5.35 6.26 11.0 8.48 5.95
9.08 5.4499997 6.63 11.15 8.81 6.2299999999999995
9.3 5.72 6.52 11.34 8.8 6.25
9.54 5.71 6.6400003 10.55 8.89 6.28
9.73 5.8 6.7299999999999995 -0.08 9.38 6.4799999999999995
9.38 5.85 6.83 11.04 9.24 6.5
9.69 5.9799999999999995 6.96 10.86 8.959999999999999 6.6999997
9.58 6.13 7.11 11.05 9.03 6.95
9.51 6.34 7.32 11.08 9.1 7.07
9.78 6.46 7.4 11.1 9.09 7.26
9.89 6.61 7.6400003 -0.08 9.92 7.41
10.08 6.8900003 7.68 11.28 9.95 7.63
10.23 7.01 7.84 11.61 10.38 7.6999997
10.209999999999999 6.96 8.02 11.59 9.99 7.75
10.13 6.97 8.32 11.34 9.72 7.74
9.85 6.79 8.37 11.38 9.38 7.63
9.65 6.8 7.84 10.98 8.99 7.34
9.36 6.75 7.6899999999999995 10.67 8.81 7.14
9.14 6.4799999999999995 7.55 10.95 8.67 7.12
8.91 6.47 7.28 10.45 8.54 6.8900003
8.87 6.41 7.08 9.94 8.88 6.61
8.53 6.13 6.87 9.86 8.23 6.54
8.32 5.9399999999999995 6.74 9.95 7.82 6.38
8.12 5.14 6.8 9.37 7.66 6.29
7.980000000000001 5.08 6.61 9.51 8.08 6.16
7.5 5.03 6.6 9.18 7.6400003 6.14
7.33 5.2299999999999995 6.4499997 9.01 7.39 5.9799999999999995
7.05 4.91 6.47 8.99 7.09 5.81
6.87 5.07 6.38 8.83 7.46 6.02
6.6899999999999995 4.8900003 6.33 8.35 6.91 6.09
6.3 4.9799999999999995 6.2 8.36 6.9799999999999995 5.63
6.16 4.96 6.57 8.56 6.42 5.78
6.02 4.85 6.8 8.34 6.41 5.75
5.68 4.9799999999999995 6.2 7.87 6.04 5.62
5.6400003 4.91 6.21 7.57 5.88 5.65
5.57 5.0 6.5 7.22 5.75 5.72
5.28 5.16 7.09 7.76 6.27 5.58
5.15 5.08 7.13 7.55 6.11 5.78
5.11 5.24 7.13 7.46 5.75 5.6899999999999995
4.95 5.26 6.8900003 8.22 6.12 5.71
4.66 5.6400003 7.14 6.9399999999999995 7.52 5.88
4.6400003 5.88 7.4499997 6.79 7.9 6.06
4.68 5.97 8.08 6.59 5.84 7.75
4.53 6.34 10.22 6.51 5.47 7.25
4.5 6.2299999999999995 8.92 6.11 5.81 6.9399999999999995
4.56 6.42 8.68 6.22 5.71 6.8900003
4.52 6.63 7.74 6.04 6.03 7.04
4.71 6.92 8.03 6.29 6.2 7.31
4.8 7.08 8.79 6.28 6.34 7.5
4.88 7.26 9.28 6.22 6.58 7.74
5.09 7.74 9.33 6.47 6.71 7.92
5.14 7.9700000000000015 9.95 6.63 6.86 8.28
5.3 8.12 9.93 6.6899999999999995 6.97 8.53
5.68 8.36 10.02 6.78 7.1899999999999995 8.78
5.88 8.709999999999999 10.39 6.97 8.2 9.23
5.72 8.98 10.709999999999999 7.1 7.82 9.29
6.6 9.28 11.0 7.32 7.8900003 9.47
6.4 9.5 11.69 7.4399999999999995 8.15 9.66
6.1899999999999995 9.83 0.009999999999999995 7.67 8.379999999999999 9.97
6.65 10.39 11.86 7.71 8.57 10.03
6.96 10.73 0.009999999999999995 8.01 8.98 10.35
6.97 10.41 13.56 8.03 8.87 10.38
7.1499999999999995 10.5 0.009999999999999995 8.16 9.12 10.62
7.04 10.51 12.07 8.14 9.0 10.58
7.02 10.49 12.34 8.06 8.94 10.59
