4.02 7.76 9.22 5.1 6.16 7.76
4.06 7.8 9.25 5.12 6.18 7.77
4.08 7.77 9.8 5.18 6.13 7.76
4.08 7.68 9.74 5.14 6.13 7.72
3.9799999999999995 7.6400003 9.94 5.06 6.05 7.63
3.9100000000000006 7.59 9.52 4.99 6.26 7.56
3.8000000000000003 7.67 8.88 4.85 5.95 7.61
3.6600000000000006 7.57 9.5 4.62 6.06 7.53
3.6400000000000006 7.66 9.23 4.51 5.86 7.47
3.5100000000000002 7.61 8.0 4.33 6.03 7.4799999999999995
3.3099999 7.37 7.92 4.22 5.76 7.31
3.2600000000000002 7.29 8.95 4.0 5.38 7.26
3.0900000000000003 7.74 8.75 3.8600000000000003 5.6899999999999995 7.16
3.0200000000000005 7.7299999999999995 8.36 3.7 5.5 7.07
2.9800000000000004 7.6 8.12 3.6000000000000005 4.99 7.06
2.9800000000000004 7.51 8.55 3.5100000000000002 4.97 6.9399999999999995
2.95 7.65 8.44 3.4000000000000004 5.08 6.95
3.0500000000000003 7.68 7.31 3.3099999 5.24 6.95
3.1200000000000006 7.63 8.67 3.2700000000000005 4.92 6.96
3.1000000000000005 7.9700000000000015 8.959999999999999 3.1500000000000004 4.99 6.9
3.22 8.4 7.22 3.1900000000000004 5.14 6.82
3.3300000000000005 8.209999999999999 8.709999999999999 3.2600000000000002 4.8900003 6.83
3.4100000000000006 8.34 7.09 3.2600000000000002 4.97 7.03
3.6100000000000003 8.12 7.08 3.2100000000000004 4.92 7.09
3.74 8.79 7.1 3.2600000000000002 5.13 7.1
3.9100000000000006 8.49 7.05 3.2700000000000005 5.61 7.24
4.02 8.95 7.14 3.3900000000000006 5.31 7.01
4.29 7.93 7.29 3.4600000000000004 5.58 7.4
4.4399999999999995 8.81 7.38 3.5500000000000003 5.81 7.34
4.62 8.459999999999999 7.43 3.6700000000000004 5.72 7.4
4.8 9.29 7.52 3.93 5.9 7.59
5.03 8.77 7.62 4.04 6.26 7.76
5.17 8.45 7.6999997 4.05 5.99 7.78
5.28 9.51 7.6899999999999995 4.15 6.05 7.7299999999999995
5.35 9.98 7.78 4.28 6.05 7.71
5.39 10.209999999999999 7.79 4.28 6.07 7.61
5.1899999999999995 9.25 7.61 4.03 5.95 7.41
5.14 9.14 7.46 3.99 5.9 7.34
5.08 8.52 7.02 3.9100000000000006 5.71 7.29
4.9399999999999995 8.8 6.95 3.7100000000000004 5.58 7.0
4.76 7.9 6.79 3.47 5.29 6.81
4.67 7.42 6.68 3.2900000000000005 5.08 6.74
4.55 7.33 6.39 3.0500000000000003 4.95 6.58
4.51 7.53 5.93 3.0000000000000004 4.71 6.22
4.42 7.6999997 5.9 3.0400000000000005 4.58 6.21
4.42 6.87 5.8 2.95 4.49 5.8900003
4.07 7.6400003 5.54 2.8099999 4.38 5.72
4.39 6.95 5.26 2.7500000000000004 4.2299999999999995 5.4499997
4.38 6.93 4.97 2.7300000000000004 4.18 5.24
4.32 7.49 4.93 2.74 4.04 5.27
4.36 5.9799999999999995 4.51 2.7 3.8900000000000006 4.76
4.63 6.42 4.53 2.6600000000000006 3.7 4.66
4.36 6.35 4.29 2.7700000000000005 3.7700000000000005 4.65
4.14 5.22 4.22 2.8000000000000003 3.6000000000000005 4.49
4.31 5.06 3.9100000000000006 2.6000000000000005 3.45 4.22
4.39 5.83 3.7300000000000004 2.9100000000000006 3.5300001000000005 4.01
4.49 6.42 3.93 3.0400000000000005 3.2500000000000004 3.9000000000000004
5.09 6.08 3.24 3.1200000000000006 3.5100000000000002 3.9100000000000006
4.8900003 6.66 3.4600000000000004 3.2900000000000005 3.6000000000000005 3.74
5.06 4.66 3.1600000000000006 3.5800000000000005 3.6500000000000004 3.6900000000000004
6.52 4.27 3.2300000000000004 3.6900000000000004 3.6700000000000004 3.49
6.54 4.4399999999999995 2.9000000000000004 3.8500000000000005 4.07 3.5400000000000005
6.71 4.74 2.8400000000000003 4.07 4.15 3.49
6.77 4.27 2.7800001000000005 4.09 4.15 3.4000000000000004
6.03 4.93 2.6500000000000004 4.3 4.31 3.4000000000000004
5.75 4.0 2.5400000000000005 4.51 4.57 3.49
7.63 4.1 2.5599999 4.66 5.08 3.2300000000000004
7.81 4.0 2.7600000000000002 4.99 4.7299999999999995 3.2900000000000005
6.12 4.04 2.6900000000000004 5.31 4.7299999999999995 3.24
8.0 4.06 2.8000000000000003 5.46 5.56 3.3800000000000003
8.19 4.17 2.8099999 5.76 5.82 3.5400000000000005
8.32 4.27 2.93 5.96 5.82 3.5800000000000005
8.58 4.35 3.1100000000000003 6.28 5.5 3.7600000000000002
8.89 4.41 3.3200000000000003 6.43 5.56 3.8900000000000006
8.68 4.51 3.3900000000000006 6.61 6.81 4.08
8.8 4.6899999999999995 3.5599999 6.92 6.13 4.2299999999999995
8.6 4.95 3.95 7.22 6.33 4.47
9.14 4.97 4.21 7.49 6.66 4.65
9.63 5.02 4.15 7.59 6.6899999999999995 4.6999997
9.41 5.02 4.24 7.6400003 6.84 4.79
9.6 5.09 3.8200000000000003 7.67 6.8900003 4.67
8.91 4.92 3.8800000000000003 7.61 6.93 4.59
9.44 4.81 3.99 7.6 6.7299999999999995 4.4799999999999995
9.09 4.68 3.8400000000000003 7.6 7.39 4.42
9.05 4.4799999999999995 3.72 7.52 6.68 4.28
9.04 4.3 3.7100000000000004 7.4399999999999995 6.28 4.09
8.85 4.11 3.5200000000000005 7.47 6.54 4.01
8.54 4.07 3.4000000000000004 7.51 6.4499997 3.9000000000000004
8.34 3.8600000000000003 3.3700000000000006 7.41 6.35 3.7600000000000002
8.43 3.6900000000000004 3.2900000000000005 7.37 6.04 3.6900000000000004
8.42 3.6000000000000005 3.2300000000000004 7.31 6.21 3.6200000000000006
8.4 3.5400000000000005 3.2100000000000004 7.37 6.2 3.5400000000000005
8.24 3.47 3.4200000000000004 7.61 6.05 3.49
8.33 3.3700000000000006 3.3400000000000003 8.41 6.14 3.5300001000000005
8.41 3.2900000000000005 3.2800001000000005 8.49 6.16 3.5000000000000004
8.05 3.18 3.3099999 8.45 6.14 3.5200000000000005
7.4399999999999995 3.24 3.47 8.4 6.22 3.49
7.32 3.1500000000000004 3.5800000000000005 8.11 6.2 3.5800000000000005
7.2 3.43 3.5700000000000003 8.42 6.18 3.5700000000000003
7.16 3.2500000000000004 3.6500000000000004 8.81 6.2299999999999995 3.6500000000000004
7.3 3.2700000000000005 3.8600000000000003 8.78 6.24 3.7700000000000005
7.24 3.4100000000000006 3.9799999999999995 9.17 6.66 3.8500000000000005
7.32 3.3500000000000005 4.08 9.02 7.65 4.13
7.42 3.5400000000000005 4.27 9.54 6.29 4.17
7.21 3.6600000000000006 4.42 8.38 6.62 4.33
7.3 3.6900000000000004 4.62 7.85 6.54 4.33
7.36 3.8099999 4.84 8.25 7.04 4.5
7.5 4.03 5.1 9.44 6.97 4.6899999999999995
7.58 4.09 5.08 8.65 6.74 4.88
7.67 4.33 5.27 8.72 6.88 5.07
7.53 4.38 5.4 8.63 6.83 5.07
7.67 4.29 5.83 8.59 7.16 5.37
7.36 4.12 5.14 8.48 6.86 5.4799999999999995
7.32 3.9000000000000004 5.08 8.62 6.67 5.54
6.9799999999999995 3.95 5.18 8.41 7.0 4.9799999999999995
6.81 3.4100000000000006 5.06 7.9700000000000015 6.4499997 4.92
6.62 3.7100000000000004 4.63 7.74 5.87 4.6899999999999995
6.39 3.2600000000000002 4.51 7.8900003 5.79 4.7299999999999995
6.04 3.3600000000000003 4.6400003 7.58 5.76 4.5
5.86 3.3099999 4.39 7.41 5.68 4.34
5.6899999999999995 2.9600000000000004 4.39 6.97 5.08 4.06
5.5 2.9000000000000004 4.38 6.83 5.2299999999999995 4.02
5.33 2.9200000000000004 4.31 6.74 5.06 4.15
4.85 2.8200000000000003 4.18 6.56 4.93 4.12
4.72 2.8300000000000005 4.97 6.5 4.54 4.0
4.6400003 2.8900000000000006 4.53 6.28 4.67 3.6300000000000003
4.37 2.95 4.81 6.21 4.3 3.5800000000000005
4.08 2.97 5.21 6.04 4.34 3.95
3.9000000000000004 3.1200000000000006 5.04 5.6400003 4.04 3.6900000000000004
3.6200000000000006 3.1900000000000004 5.2299999999999995 5.68 3.5900000000000003 3.6500000000000004
3.2600000000000002 3.4800000000000004 5.36 5.46 3.6300000000000003 3.8600000000000003
3.22 3.2600000000000002 5.31 5.33 3.3500000000000005 3.8600000000000003
2.9600000000000004 3.3900000000000006 5.4799999999999995 5.35 3.49 3.96
3.0500000000000003 3.49 5.38 5.26 3.4200000000000004 4.04
2.9000000000000004 3.6100000000000003 5.37 5.07 3.3000000000000003 4.05
2.8400000000000003 3.7500000000000004 5.53 4.91 3.4400000000000004 4.28
3.1900000000000004 3.7500000000000004 5.55 4.85 3.3800000000000003 4.22
2.6700000000000004 4.02 5.49 5.09 3.3700000000000006 4.46
2.68 4.28 5.79 5.09 3.5100000000000002 4.6899999999999995
2.5200000000000005 4.57 5.99 3.9000000000000004 3.5800000000000005 4.88
2.6200000000000006 4.81 6.1 4.76 3.8700000000000006 5.16
2.68 5.01 6.38 4.17 4.06 5.35
2.7300000000000004 5.13 6.56 4.21 4.22 5.54
2.68 5.42 6.96 4.28 4.24 5.62
2.7800001000000005 5.65 6.66 4.3 4.43 5.81
2.99 5.86 7.42 4.33 4.57 6.05
3.0800000000000005 6.14 7.1899999999999995 4.33 4.93 6.2
3.3600000000000003 6.4 7.61 4.42 5.06 6.5
3.72 6.63 0.009999999999999995 4.66 5.25 6.76
3.58 6.84 0.009999999999999995 4.819999999999999 5.42 7.029999999999999
3.58 6.92 0.009999999999999995 4.9399999999999995 5.75 7.1899999999999995
3.7800000000000002 7.24 0.009999999999999995 5.029999999999999 5.8 7.3999999999999995
3.95 7.49 0.009999999999999995 5.16 5.99 7.58
3.8800000000000003 7.56 9.78 5.12 6.6999997 7.67
4.0 7.62 11.88 5.13 6.09 7.65
3.96 7.74 9.13 5.14 6.18 7.72
