2.56929
2.62593
2.68431
2.74447
2.80648
2.8704
2.9363
3.00425
3.07432
3.14658
3.22112
3.29801
3.37733
3.45918
3.54365
3.63082
3.72081
3.8137
3.9096
4.00864
4.11091
4.21655
4.32567
4.4384
4.55489
4.67526
4.79968
4.92828
5.06122
5.19868
5.34083
5.48784
5.6399
5.7972
5.95996
6.12838
6.30268
6.48309
6.66985
6.86322
7.06346
7.27082
7.48562
7.70813
7.93866
8.17755
8.42513
8.68176
8.94779
9.22362
9.50964
9.80628
10.114
10.4332
10.7644
11.1081
11.4648
11.8351
12.2195
12.6186
13.0332
13.4637
13.9109
14.3755
14.8583
15.3601
15.8816
16.4238
16.9875
17.5737
18.1833
18.8175
19.4772
20.1637
20.878
21.6216
22.3956
23.2014
24.0405
24.9144
25.8247
26.773
27.7611
28.7907
29.8639
30.9826
32.149
33.3651
34.6335
35.9565
37.3367
38.7767
40.2795
41.848
43.4853
45.1947
46.9797
48.8439
50.7911
52.8254
